s1=0.000000 1.397772*i
s2=-0.000000 0.731744*i 
p1=-0.037764 0.000000*i 
p2=-0.014451 -0.000000*i 
q1=0.000000 -0.020199*i
q2=-0.000000 -0.027634*i
